+----------------------------------------------------------------------------------------------------------------------------------------------------------------------------------------------------------------+
; Legal Partition Candidates                                                                                                                                                                                     ;
+-----------+-------+----------------+--------------+----------------+--------+-----------------+---------------+-----------------+-------+----------------+--------------+------------------+-------------------+
; Hierarchy ; Input ; Constant Input ; Unused Input ; Floating Input ; Output ; Constant Output ; Unused Output ; Floating Output ; Bidir ; Constant Bidir ; Unused Bidir ; Input only Bidir ; Output only Bidir ;
+-----------+-------+----------------+--------------+----------------+--------+-----------------+---------------+-----------------+-------+----------------+--------------+------------------+-------------------+
; b2|l1     ; 67    ; 0              ; 0            ; 0              ; 37     ; 0               ; 0             ; 0               ; 0     ; 0              ; 0            ; 0                ; 0                 ;
; b2|a1     ; 67    ; 0              ; 0            ; 0              ; 32     ; 0               ; 0             ; 0               ; 0     ; 0              ; 0            ; 0                ; 0                 ;
; b2        ; 68    ; 32             ; 0            ; 32             ; 69     ; 32              ; 32            ; 32              ; 0     ; 0              ; 0            ; 0                ; 0                 ;
; b1        ; 66    ; 20             ; 0            ; 20             ; 32     ; 20              ; 20            ; 20              ; 0     ; 0              ; 0            ; 0                ; 0                 ;
; a9        ; 66    ; 51             ; 7            ; 51             ; 32     ; 51              ; 51            ; 51              ; 0     ; 0              ; 0            ; 0                ; 0                 ;
; reg_bank  ; 83    ; 0              ; 0            ; 0              ; 64     ; 0               ; 0             ; 0               ; 0     ; 0              ; 0            ; 0                ; 0                 ;
; a5        ; 66    ; 71             ; 0            ; 71             ; 32     ; 71              ; 71            ; 71              ; 0     ; 0              ; 0            ; 0                ; 0                 ;
; a4        ; 15    ; 11             ; 0            ; 11             ; 12     ; 11              ; 11            ; 11              ; 0     ; 0              ; 0            ; 0                ; 0                 ;
; a3        ; 11    ; 6              ; 5            ; 6              ; 10     ; 6               ; 6             ; 6               ; 0     ; 0              ; 0            ; 0                ; 0                 ;
; a2        ; 18    ; 0              ; 0            ; 0              ; 16     ; 0               ; 0             ; 0               ; 0     ; 0              ; 0            ; 0                ; 0                 ;
; a1        ; 30    ; 0              ; 8            ; 0              ; 16     ; 0               ; 0             ; 0               ; 0     ; 0              ; 0            ; 0                ; 0                 ;
+-----------+-------+----------------+--------------+----------------+--------+-----------------+---------------+-----------------+-------+----------------+--------------+------------------+-------------------+
